37.77987527
37.92304256
37.98801613
37.96161519
37.84795859
37.66785202
37.45498183
37.24961124
37.09095944
37.00970671
37.0220592
37.12652168
37.30402019
37.52138185
37.73753754
37.91128712
38.00915791
38.01185648
37.91806955
37.74486564
37.5245922
37.29883172
37.11054642
36.99589666
36.97729222
37.05901242
37.2262512
37.4477955
37.6818533
37.88394271
38.01535168
38.05055847
37.98218945
37.82255097
37.60141926
37.36048419
37.14548415
36.9975169
36.9451783
36.99903368
37.14949106
37.36850341
37.61479897
37.84166394
38.00580893
38.07563499
38.03731992
37.89755172
37.68236933
37.43230974
37.19476635
37.01500012
36.92750943
36.94940562
37.07706681
37.28672437
37.53888983
37.78579732
37.98045813
38.08560944
38.08085208
37.96660897
37.76413597
37.51156585
37.25672175
37.04805554
36.92542933
36.91249525
37.01213122
37.20581402
37.45706382
37.71831971
37.93994929
38.07968453
38.11068856
38.0267129
37.84335343
37.59515323
37.3290907
37.09568124
36.9393793
36.89010567
36.95751596
37.12910902
37.37254561
37.64174735
37.88562479
38.05778034
38.12534171
38.0752431
37.91675299
37.67975932
37.40912945
37.15620977
36.96907673
36.88339156
36.9155996
37.05977208
37.28869719
37.55901974
37.81945793
38.02053891
38.12400343
38.11009062
37.98131478
37.76201178
37.49373689
37.22738483
37.0135275
36.89280495
36.88819683
37.00064504
37.20886201
37.47336362
37.74396193
37.96929504
38.10658315
38.12975621
38.03440807
37.83863487
37.57959808
37.3064654
37.0710715
36.91807375
36.87647396
36.95411694
37.13621005
37.38814363
37.66207377
37.90601489
38.07371252
38.13342012
38.07391331
37.90660125
37.66333778
37.3903526
37.13945935
36.95821408
36.88089462
36.92201316
37.07359084
37.30670639
37.57701826
37.83320498
38.02671621
38.12098022
38.09832047
37.96327228
37.74167681
37.47573316
37.21595649
37.01157586
36.90119829
36.9055109
37.02340149
37.2322256
37.49215862
37.75379608
37.96755053
38.09305659
38.10679881
38.00652014
37.81158385
37.55923298
37.29747004
37.07591937
36.93641261
36.90508487
36.98747589
37.16755502
37.41084068
37.67100724
37.89871247
38.05096245
38.09923504
38.03482611
37.87041576
37.63757339
37.38069223
37.14851945
36.9848989
36.92048579
36.96700009
37.11509653
37.33623783
37.58819644
37.8231236
37.99664275
38.07623794
38.04735042
37.91603972
37.70772309
37.46225393
37.22629222
37.04442875
36.95075266
36.96245801
37.07668927
37.27120412
37.50870475
37.74399411
37.93258324
38.03910931
38.04397041
37.94693149
37.76703839
37.53888101
37.3059386
37.11228816
36.99425826
36.9736099
37.05352503
37.21814228
37.43570133
37.6646735
37.86169441
37.98978259
38.02528515
37.96224531
37.81338532
37.60754612
37.38409776
37.18540424
37.04878573
36.99950461
37.04609398
37.17889283
37.37203652
37.58849474
37.78717557
37.93073196
37.99258645
37.96185205
37.84523799
37.66560899
37.45750343
37.26048869
37.11163266
37.03852506
37.05416305
37.15464954
37.32010989
37.51861933
37.71236553
37.8648563
37.94779749
37.94634387
37.8617484
37.71093858
37.52313574
37.33419125
37.17973778
37.08846479
37.07678826
37.14590505
37.28175932
37.45789036
37.64058681
37.79534331
37.89338193
37.91700522
37.86278466
37.74201135
37.57836145
37.40325599
37.2498244
37.14663202
37.11236008
37.15242936
37.2581765
37.40870057
37.5749907
37.72552018
37.83222791
37.87575148
37.8489356
37.75798111
37.62105609
37.4646731
37.31855386
37.20997631
37.15868005
37.17328205
37.24985253
37.37288153
37.51841038
37.65869789
37.76751217
37.82503811
37.82148183
37.75871721
37.64970223
37.51581911
37.38268173
37.27523202
37.21306478
37.20685772
37.25655645
37.35161904
37.47322898
37.59801623
37.7025508
37.76774469
37.78233436
37.7448092
37.66345931
37.55457901
37.43920966
37.33907168
37.27247261
37.25096252
37.27734741
37.34539883
37.44126877
37.54629699
37.6406435
37.707039
37.73394379
37.71753781
37.66220179
37.57944447
37.4855255
37.39826221
37.33364702
37.30291819
37.31062016
37.35398506
37.4237066
37.50591204
37.58491868
37.64622784
37.67918427
37.67881362
37.64652386
37.58958371
37.51952544
37.44981668
37.39326998
37.35968871
37.35418155
37.37643253
37.42101965
37.47867253
37.53818664
37.58860129
37.62121775
37.63108626
37.61771034
37.58487958
37.53971219
37.49113448
37.44811819
37.41802367
37.40535459
37.41113213
37.43296387
37.46574437
37.50280769
37.53727783
37.56334467
37.57722836
37.5776754
37.56593423
37.54526481
37.52012337
37.49521479
37.47461163
37.46110506
37.45588743
37.45858627
37.467594
37.48058136
37.49505757
37.50884829
37.52039975
37.52887168
37.53404009
37.53607677
37.5352977
37.53196951
37.52623631
37.51818491
37.50801864
37.49627041
37.48396685
37.47266197
37.46429035
37.46083985
37.46389824
37.47417433
37.49111844
37.51276063
37.53584811
37.55630069
37.56992833
37.57328562
37.56448935
37.54381291
37.51389968
37.47950433
37.44676504
37.42211177
37.41100392
37.41674511
37.43962863
37.47661892
37.5216797
37.56673344
37.6031053
37.62319437
37.62204983
37.59852755
37.55576605
37.50084231
37.44362503
37.39500579
37.36482431
37.35988324
37.38245202
37.4295828
37.49341656
37.56246942
37.62369386
37.66494573
37.67739043
37.6573719
37.60735289
37.53570116
37.45531408
37.3813023
37.32814759
37.30686963
37.32275613
37.37412114
37.45237268
37.54342488
37.6302278
37.69596182
37.72729779
37.71709076
37.66596459
37.58244301
37.48155481
37.38213584
37.30331076
37.26081208
37.26384542
37.3131245
37.40049058
37.51023521
37.62191781
37.71417428
37.76880648
37.77436947
37.72854972
37.6388435
37.52136111
37.39794094
37.29208893
37.22449849
37.20900556
37.24976926
37.34025037
37.46422582
37.59868952
37.71812242
37.79933919
37.82599017
37.79184439
37.70219588
37.57308364
37.4284307
37.2956109
37.20026501
37.16134858
37.18736836
37.27455369
37.40735074
37.561188
37.70702293
37.81682868
37.86898346
37.85252565
37.76943771
37.63448652
37.47260916
37.31430497
37.18988537
37.12366608
37.12921557
37.2065878
37.34210165
37.51074868
37.68080787
37.81981592
37.90076859
37.90736775
37.8372943
37.70285138
37.52881684
37.34787755
37.1944864
37.0982974
37.07843058
37.13967633
37.27139179
37.44933584
37.64012927
37.80751983
37.91927542
37.95339384
37.90243216
37.77510417
37.59480746
37.39532551
37.2144939
37.08701887
37.03781225
37.0771235
37.19842006
37.37945168
37.58632991