37.29761507
37.49127233
37.65088131
37.74520985
37.7553116
37.67832639
37.52820667
37.33319652
37.13051698
36.95925814
36.85283582
36.83246942
36.90295435
37.05157063
37.25037011
37.46143288
37.64410395
37.7628286
37.79407536
37.73099815
37.58491431
37.38328295
37.16454313
36.97078213
36.83963294
36.7969619
36.85176767
36.99429761
37.19777328
37.42342184
37.62786804
37.77147665
37.8260401
37.78031939
37.64234989
37.4380405
37.20630811
36.99166111
36.83564588
36.7688012
36.80467921
36.93710396
37.14122078
37.3781613
37.60244849
37.77073012
37.85016268
37.82482341
37.69889836
37.49600878
37.25478027
37.02148578
36.84116447
36.74892194
36.76309306
36.88159976
37.08222657
37.32678501
37.56838611
37.76043537
37.86562379
37.86317893
37.75296628
37.5556312
37.30873192
37.05958774
36.85620507
36.73802217
36.728258
36.82935022
37.02237859
37.27060567
37.52647201
37.74071346
37.87185172
37.89422873
37.80302803
37.61530001
37.36677486
37.10505885
36.88051
36.73654308
36.70123132
36.78183033
36.96329281
37.21107697
37.47772483
37.71195682
37.868539
37.91702313
37.84766991
37.67340274
37.42740046
37.15677738
36.91355496
36.74465619
36.68284816
36.74038222
36.90656646
37.14975156
37.42336127
37.67481786
37.85565136
37.93084756
37.88563112
37.72836894
37.48902327
37.21344044
36.9545641
36.76225827
36.67369736
36.70617625
36.85373185
37.08823616
37.36476096
37.63019026
37.83342876
37.93524325
37.91584023
37.77871555
37.55002693
37.27360163
37.0025324
36.78897433
36.67410429
36.68017715
36.80621203
37.02814512
37.30342662
37.57918308
37.80237852
37.93002055
37.93744621
37.82308985
37.60881083
37.33571283
37.05625475
36.82416838
36.68412146
36.66311608
36.76527962
36.9710537
37.24094057
37.52308878
37.7632607
37.91526448
37.94984305
37.86030854
37.66383643
37.39816895
37.11436072
36.86696182
36.70352696
36.65546946
36.73201999
36.91845258
37.17891902
37.46334586
37.71706611
37.89133226
37.95268736
37.88939201
37.71367173
37.45935435
37.17535417
36.91625878
36.73183085
36.65744522
36.70729991
36.87170468
37.11896536
37.40149724
37.66498772
37.858843
37.94590822
37.90959266
37.75703272
37.51768952
37.23765653
36.97077783
36.7682893
36.66897673
36.69174242
36.83200584
37.06262378
37.33914571
37.60838614
37.81865983
37.92970932
37.92041648
37.79282043
37.57167677
37.29965241
37.02908904
36.81192615
36.68972473
36.6857089
36.8003502
37.01133464
37.27790758
37.54875029
37.77186492
37.90456298
37.92163735
37.82015272
37.61994349
37.3597363
37.08965526
36.86156107
36.71908724
36.68928858
36.77750151
36.96639286
37.21936593
37.48765438
37.71972817
37.87119653
37.91330355
37.83838976
37.66128182
37.41635901
37.15087666
36.91584379
36.75621689
36.70229605
36.76397105
36.92891047
37.16502486
37.42671231
37.66367046
37.8305712
37.89573629
37.8471525
37.69468359
37.4680724
37.21113692
36.97329311
36.80004555
36.72427663
36.76000291
36.89978453
37.11626603
37.36753108
37.60522256
37.7838543
37.86952041
37.84633357
37.71936938
37.51357131
37.26885002
37.03233978
36.84931518
36.75451958
36.765567
36.87967117
37.07430869
37.31166426
37.54598082
37.73238543
37.83548737
37.83610032
37.73481103
37.5517312
37.32250609
37.09137191
36.90261435
36.79207873
36.78035994
36.86896675
37.04017451
37.26056708
37.487561
37.67763765
37.79469117
37.81688989
37.74074688
37.58164068
37.37071507
37.1487816
36.95841904
36.83579992
36.80381396
36.8677964
37.01465802
37.21555438
37.43155149
37.62117488
37.74837777
37.78939656
37.73718921
37.60262781
37.41224687
37.20301148
37.01513681
36.88435443
36.83511339
36.87601051
36.99830372
37.17776258
37.37946736
37.56460654
37.69794899
37.75455148
37.72442384
37.61427946
37.44606697
37.25259975
37.0711529
36.93627753
36.87321834
36.89318914
36.99139039
37.14811683
37.33270654
37.50954101
37.64492186
37.7134957
37.70300176
37.6164532
37.47136626
37.29622248
37.12487697
36.9900109
36.91689489
36.91865426
36.9939231
37.12730432
37.29250936
37.45753904
37.59088467
37.66754706
37.6737231
37.60928132
37.48758444
37.3327319
37.17478919
37.04394779
36.96475087
36.95148951
37.00563318
37.11575446
37.25992272
37.41006856
37.53745095
37.61816193
37.63761383
37.59316694
37.49442611
37.3611896
37.21948419
37.09647961
37.01527626
36.99056673
37.02598602
37.11362647
37.23576977
37.36846216
37.48621271
37.56689302
37.59589602
37.56877222
37.49186933
37.38089363
37.25771178
37.1460425
37.06688696
37.03457882
37.05419673
37.12080491
37.22062615
37.33387855
37.4386943
37.51534431
37.54995235
37.53699909
37.48016609
37.39139882
37.28841315
37.19116266
37.11797076
37.08207761
37.0892529
37.13690306
37.21480337
37.30726902
37.39630825
37.46512456
37.50128594
37.49896306
37.45983499
37.39252956
37.31075145
37.23049908
37.16693404
37.13151591
37.12994402
37.16127423
37.21833987
37.28934986
37.36031434
37.41780064
37.45147681
37.45596082
37.43164612
37.38438487
37.32413609
37.26288235
37.21224802
37.18129238
37.17489668
37.19303056
37.23099991
37.28058171
37.33178313
37.37485216
37.40213598
37.40943257
37.39659865
37.36733545
37.32823976
37.28734856
37.25249305
37.22979802
37.22261434
37.2310688
37.25228051
37.28115619
37.31156486
37.33762848
37.35485877
37.36092024
37.35589186
37.34201292
37.3230079
37.30316725
37.28639982
37.27546279
37.27152087
37.27410238
37.28142605
37.2909904
37.30026492
37.30730965
37.31117848
37.31202275
37.31089028
37.30929139
37.30866025
37.30986256
37.31288614
37.31680122
37.32000621
37.32069875
37.31745024
37.30972935
37.29822622
37.28487216
37.27252197
37.26434961
37.26308408
37.27026217
37.28568446
37.30722699
37.33108833
37.35245549
37.36647311
37.36932092
37.35916472
37.33675628
37.30551929
37.27106059
37.24016819
37.21947417
37.21404586
37.22620202
37.25482194
37.29532749
37.34038628
37.38123479
37.4093835
37.41837211
37.40521359
37.37121054
37.32194022
37.26636605
37.21521112
37.17888804
37.16538499
37.17853614
37.21704633
37.27450346
37.34042148
37.40214993
37.44730311
37.46624205
37.45411271
37.41201256
37.34701658
37.27101187
37.19852797
37.14395775
37.11870094
37.12879683
37.17353527
37.24535693
37.33110739
37.41444205
37.47894309
37.51135373
37.50429274
37.45789517
37.38002108
37.28494713
37.19075374
37.11588509
37.07553683
37.07857904
37.12563627
37.20873516
37.31263204
37.41760464
37.50319744
37.55220913
37.55414473
37.50744031
37.41999265
37.30784807
37.19226274
37.09567222
37.03733466
37.02949407
37.07482764
37.16570607
37.28545259
37.41139832
37.51917511
37.58743271
37.60206672
37.55912017
37.46576428
37.33912743
37.20315769
37.08409259
37.00539349
36.98312288
37.02267561
37.1175273
37.25028213
37.39585781
37.52622591
37.61581136
37.64651024
37.61134146
37.5159968
37.37795145
37.22326666
37.0816684
36.9808317
36.9409702
36.97078893
37.06560983
37.20806907
37.37129099
37.52395943
37.63632957
37.68602524
37.66249162
37.56921769
37.42326396
37.25214802
37.08865542
36.96455451
36.90442087
36.92077228
37.01147702
37.15996969
37.33827007
37.51225642
37.648199
37.71930214
37.71098556
37.62386376
37.47381695
37.28910312
37.10503549
36.95722768
36.87469969
36.87417966
36.95672057
37.10731467